4294967279,371
4294967279,174
4294967279,0
4294967278,528
4294967278,260
4294967278,271
4294967294,7
4294967278,317
4294967278,425
4294967278,228
4294967278,226
4294967278,527
4294967278,0
4294967278,224
4294967278,222
4294967278,277
4294967278,220
4294967278,132
4294967278,131
4294967278,130
4294967278,129
4294967278,128
4294967278,127
4294967278,126
4294967278,125
4294967278,124
4294967278,123
4294967278,122
4294967278,121
4294967278,120
4294967278,119
4294967278,118
4294967278,117
4294967278,116
4294967278,115
4294967278,114
4294967278,113
4294967278,112
4294967278,111
4294967278,110
4294967278,109
4294967278,108
4294967278,107
4294967278,106
4294967278,105
4294967278,104
4294967278,102
4294967278,101
4294967278,100
4294967278,99
4294967278,97
4294967278,96
4294967278,95
4294967278,94
4294967278,93
4294967278,92
4294967278,91
4294967278,90
4294967278,535
4294967278,87
4294967278,306
4294967278,86
4294967278,406
4294967278,85
4294967278,84
4294967278,272
4294967278,83
4294967278,82
4294967278,81
4294967278,80
4294967278,79
4294967278,78
4294967278,77
4294967278,76
4294967278,75
4294967278,74
4294967278,296
4294967278,73
4294967278,431
4294967278,72
4294967278,385
4294967278,71
4294967278,70
4294967278,442
4294967278,69
4294967278,68
4294967278,67
4294967278,66
4294967278,65
4294967278,64
4294967278,63
4294967278,62
4294967278,61
4294967279,83
4294967279,80
4294967279,77
4294967279,76
4294967279,425
4294967279,74
4294967279,295
4294967279,69
4294967279,67
4294967279,65
4294967279,60
4294967279,59
4294967279,321
4294967279,55
4294967279,54
4294967279,52
4294967279,50
4294967279,329
4294967279,47
4294967279,43
4294967279,320
4294967279,42
4294967279,395
4294967279,38
4294967279,301
4294967279,36
4294967279,33
4294967279,31
4294967279,29
4294967279,413
4294967279,24
4294967279,396
4294967279,264
4294967279,20
4294967279,16
4294967279,14
4294967279,266
4294967279,11
4294967279,10
4294967279,9
4294967279,8
4294967279,7
4294967279,6
4294967279,405
4294967279,5
4294967279,334
4294967279,4
4294967278,218
4294967278,103
4294967278,432
4294967278,214
0,5
4294967294,22
4294967294,17
4294967294,67
4294967294,99
4294967294,1
4294967294,436
4294967294,5
4294967294,0
4294967294,128
4294967294,186
4294967294,6
4294967278,275
4294967278,89
4294967294,92
4294967294,88
4294967294,86
4294967294,1412
4294967294,29
4294967294,28
4294967294,1015
4294967294,27
4294967294,25
4294967294,153
4294967294,26
4294967294,53
4294967294,393
4294967294,45
4294967294,44
4294967294,424
4294967294,43
4294967294,40
4294967294,37
4294967294,96
4294967294,94
4294967278,438
4294967294,93
4294967294,95
4294967278,201
4294967294,8
4294967278,98
4294967278,444
4294967278,526
4294967279,369
4294967278,524
679,6
679,5
679,4
679,3
679,2
679,1
4294967278,521
676,5
676,4
676,3
676,2
676,1
4294967278,516
4294967294,206
674,4
674,3
674,2
674,1
673,6
4294967279,368
673,5
673,4
673,3
673,2
673,1
4294967294,1416
672,5
672,4
672,3
672,2
672,1
671,4
671,3
671,2
671,1
4294967294,428
670,5
670,4
670,3
670,2
670,1
669,4
669,3
669,2
669,1
4294967278,427
4294967278,434
4294967293,131
4294967293,130
4294967293,129
4294967293,128
4294967293,127
4294967293,126
4294967293,125
4294967293,124
4294967293,123
4294967293,122
4294967293,121
4294967293,120
4294967293,119
4294967293,118
4294967293,117
4294967293,116
4294967293,115
4294967293,114
4294967293,113
4294967293,112
4294967293,111
4294967293,110
4294967293,109
4294967293,108
4294967293,107
4294967293,106
4294967293,105
4294967293,104
4294967293,103
4294967293,102
4294967293,101
4294967293,100
4294967293,99
4294967293,98
4294967293,97
4294967293,96
4294967293,95
4294967293,94
4294967293,93
4294967293,92
4294967293,91
4294967293,90
4294967293,89
4294967293,88
4294967293,87
4294967293,86
4294967293,85
4294967293,84
4294967293,83
4294967293,82
4294967293,81
4294967293,80
4294967293,79
4294967293,78
4294967293,77
4294967293,76
4294967293,75
4294967293,74
4294967293,73
4294967293,72
4294967293,71
4294967293,70
4294967293,69
4294967293,68
4294967293,67
4294967293,66
4294967293,65
4294967293,64
4294967293,63
4294967293,62
4294967293,61
4294967293,60
4294967293,59
4294967293,58
4294967293,57
4294967293,56
4294967293,55
4294967293,54
4294967293,53
4294967293,52
4294967293,51
4294967293,50
4294967293,49
4294967293,48
4294967293,47
4294967293,46
4294967293,45
4294967293,44
4294967293,43
4294967293,42
4294967293,41
4294967293,40
4294967293,39
4294967293,38
4294967293,37
